dot = x y charge sign
box = x y charge sign length angle

[1
Starting out
0
-400.0 -400.0
400.0 400.0
*Fling the little green ball and get it into the big one -100.0 100.0
*(Press R to restart the level) -200.0 -300.0
500
]

[2
Hello, World!
1
-400.0 0.0
400.0 0.0
0.0 0.0 10000.0 1
*Red balls attract you -100.0 -100.0
700
]

[3
Newton's Inversion
1
-400.0 0.0
400.0 0.0
0.0 200.0 10000.0 -1
*And blue balls repel you -300.0 100.0
800
]

[4
You have no idea what a fuss finite lines of charge are
1
-60 50
-60 -120
-210 -40 1000.0 1 300.0 0.0
*Lines behave similarly, but are bit funky in how they push and pull -300.0 200.0
1500
]

[5
Sinusoidal cannon
3
-450.0 0.0
500 40
-480 30 1000.0 -1 610.0 0.0
-480 -30 1000.0 -1 610.0 0.0
-480 30 1000.0 -1 60.0 -1.57079632679
800
]

[6
Binary
2
-450.0 0.0
100 0
-90 0 3000.0 1
-250 0 3000.0 1
800
]

[0
Symmetrical entrapment
6
0.0 0.0
0.0 300.0
-200.0 0.0 10000.0 1 
200.0 0.0 10000.0 1 
-400.0 0.0 1000.0 -1 565.685424949 0.785398163 
-400.0 0.0 1000.0 -1 565.685424949 5.497787144
0.0 400.0 1000.0 -1 565.685424949 -0.785398163 
0.0 -400.0 1000.0 -1 565.685424949 0.785398163
800
]

[1
Relative slide
4
-400.0 -300.0
300.0 300.0
-400.0 -240.0 10000.0 1 800.0 0.785398163
-400.0 -360.0 10000.0 1 800.0 0.785398163
-400.0 -230.0 20000.0 -1 800.0 0.785398163
-400.0 -370.0 20000.0 -1 800.0 0.785398163
1000
]

[
Total wipeout
4
-710 -20
450 -140
-710 -400 8400.0 1 1420.0 0.0
150 -140 1000.0 -1
-210 -140 1000.0 -1
-570 -140 1000.0 -1
2000
]

[2
What?..
7
-400.0 0.0
-500.0 0.0
-200.0 0.0 1000.0 -1 800.0 0.0
-200.0 60.0 1000.0 -1 800.0 0.0
-200.0 -60.0 1000.0 -1 800.0 0.0
-200.0 180.0 1000.0 -1 800.0 0.0
-200.0 -180.0 1000.0 -1 800.0 0.0
-200.0 360.0 1000.0 -1 800.0 0.0
-200.0 -360.0 1000.0 -1 800.0 0.0
10
]

[3
Nice and easy
6
-600 310
200 -80
-630 340 1000.0 -1 820.0 0.0
-630 280 1000.0 -1 800.0 0.0
230 300 1000.0 -1 360.0 -1.57079632679
170 280 1000.0 -1 340.0 -1.57079632679
-630 340 1000.0 -1 60.0 -1.57079632679
190 340 2000.0 -1 60.0 -0.785398163397
1000
]

[
Assitance
6
-590 -180
-510 180
-630 -220 2200.0 -1 80.0 0.0
-550 300 1000.0 -1 520.0 -1.57079632679
-630 300 1000.0 -1 100.0 0.785398163397
-630 300 1000.0 -1 520.0 -1.57079632679
-560 430 1000.0 -1 520.0 0.0
-280 140 9000.0 1
2700
]

[
Semicircle
6
-470 20
-300 -200
-490 -80 1000.0 -1 200.0 0.0
-100 30 1000.0 1
-190 100 1000.0 1
-90 -80 1000.0 1
-320 150 1000.0 1
-180 -180 1000.0 1
600
]


